"OPEN 6.1.4"
"Fri Sep 18 2015 11:26:13"
<open><version>"6.1.4"</version></open>
<open><configfile>"/User/Configs/UserPrefs/LED2x3.xml"</configfile></open>
<open><light><source>"6400-02 or -02B LED Source"</source><par_in>1 <sensor>"SI-3189"<cal>-0.96<actinity>1.00</actinity><transm>1.00</transm></cal></sensor><transm>1 </transm></par_in><par_out>1 <sensor>"Q45427"<cal>6.49 </cal></sensor></par_out></light></open>
<open><comps><file>"/User/Configs/Comps/StdComps_6.1"<header>""</header><extras></extras></file><energybal>no<f_parIn>1 </f_parIn><f_parOut>0 </f_parOut><alphaK>0.16</alphaK></energybal><bc_total>2.840<stomatal_ratio>1</stomatal_ratio><bc_oneside>1.420<type>2 </type><table>"/Sys/Lib/StdBLCTable"</table><area>6</area><slope>-0.219565 </slope><offset>2.73739 </offset><fan>5 </fan></bc_oneside></bc_total></comps></open>
<open><prompts><onlog>off</onlog><items>"Default (none)"</items></prompts></open>
<open><constants><oxygen>21 %</oxygen><bb_vapor>1.5 </bb_vapor><bb_oxy>0.9 </bb_oxy></constants></open>
<open><stability><items>"Std Stability"<items[1]><id>-2 </id><size>15 </size><pcv><onoff>0 </onoff><value>1 </value></pcv><std><onoff>0 </onoff><value>1 </value></std><slp><onoff>1 </onoff><value>1 </value></slp></items[1]><items[2]><id>-5 </id><size>15 </size><pcv><onoff>0 </onoff><value>1 </value></pcv><std><onoff>0 </onoff><value>1 </value></std><slp><onoff>1 </onoff><value>1 </value></slp></items[2]><items[3]><id>-7 </id><size>15 </size><pcv><onoff>0 </onoff><value>1 </value></pcv><std><onoff>0 </onoff><value>1 </value></std><slp><onoff>1 </onoff><value>1 </value></slp></items[3]></items></stability></open>
<open><log><format>"StdLogFmt_6.0"<items>{ -35  -21  -36  -76  30  23  36  21  25  221  -33  111  -34  11  -9  -10  -8  -1  -2  -4  -5  -14  -15  -7  -12  -13  -11  -65  -66  -72  -18  -19  -77  -78  -79  -23   }<hdr>{  }</hdr></items></format><options><beep>on</beep><hdr>normal</hdr><rem>normal</rem><stab>no</stab><stats>no<period>15 </period></stats><excel>yes</excel><comm>no</comm></options><datafile>"/User/b2 pop a18 09-18-15"</datafile><button><action>"Normal Log"<code>" LogOneObsManual "</code></action></button><autoprog>"/User/Configs/AutoProgs/AutoLog"<active>no</active></autoprog></log></open>
<open><a2d><avgtime>4.0 secs</avgtime><userchans><ch20>"Off"</ch20><ch21>"Off"</ch21><ch22>"Off"</ch22><ch23>"Off"</ch23></userchans></a2d></open>
<open><matching><type>0 </type><disp>'a'</disp><settings><CO2Limit>10.0</CO2Limit><H2OLimit>1.0</H2OLimit><MaxAutoTime>60 </MaxAutoTime></settings></matching></open>
<li6400><factory><unit>"PSC-3242"</unit><serviced>"29 Jun 2015"</serviced><fuseaware>0 </fuseaware><co2mixer>yes</co2mixer><co2><coeffs>{ 0  0.214727  2.70916e-05  1.89103e-08  -3.04778e-12  2.79572e-16   }</coeffs><dvdt>-3.9 </dvdt><xs>{ 0.000735  -0.0023   }</xs></co2><h2o><coeffs>{ 0  0.00575776  2.22654e-06  -1.12872e-11   }</coeffs><dvdt>-1.4 </dvdt><xs>{ -0.00298  0.00146   }</xs></h2o><flow>{ 0  0.364   }</flow><press>{ 87.751  0.00549   }</press></factory></li6400>
<li6400><user><flow_zero>-273.2</flow_zero><irga_zero><co2>77.8 155.8<at>28.6686 </at></co2><h2o>38.8 -0.2<at>28.6195 </at></h2o></irga_zero><irga_span><co2>{ 0.98827  0.993388   }</co2><h2o>{ 1.00513  0.997675   }</h2o></irga_span><irga_match><co2>{ -0.142257  5.55764   }</co2><h2o>{ 0.056696  0.00561967   }</h2o></irga_match><co2_mixer><pump_mv>4500 </pump_mv><ppm>{ 2387.12  1105.46  429.334  259.093  118.626  68.1378  45.1116  42.7017   }</ppm><mv>{ 5000  3000  1500  1000  500  300  200  100   }</mv></co2_mixer><parin_offset>0 </parin_offset><led_cal><unit>"SI-3189"</unit><mv>{ 10  25  50  100  1000  2000  3000  4000  5000   }</mv><qntm>{ 3.98332  15.0559  36.619  79.9362  920.061  1797.99  2616.53  3395.18  4124.09   }</qntm></led_cal><lcf_cal><unit>"unknown"</unit><red><mv>{ 50  100  500  1000  1500  5000   }</mv><qntm>{ 50  100  500  1000  2000  5000   }</qntm></red><blue><mv>{ 100  200  500  1000  2000  5000   }</mv><qntm>{ 10  20  50  100  200  500   }</qntm></blue></lcf_cal></user></li6400>
"11:26:31 karen b2 honors proj"
$STARTOFDATA$
"Obs"	"HHMMSS"	"FTime"	"EBal?"	"Photo"	"Cond"	"Ci"	"Trmmol"	"VpdL"	"CTleaf"	"Area"	"BLC_1"	"StmRat"	"BLCond"	"Tair"	"Tleaf"	"TBlk"	"CO2R"	"CO2S"	"H2OR"	"H2OS"	"RH_R"	"RH_S"	"Flow"	"PARi"	"PARo"	"Press"	"CsMch"	"HsMch"	"StableF"	"BLCslope"	"BLCoffst"	"f_parin"	"f_parout"	"alphaK"	"Status"
"11:28:27 Launched AutoProg /User/Configs/AutoProgs/A-CiCurve"
1	"11:32:08"	424.5	0	9.67	0.229	303	4.35	1.75	27.50	6	1.42	1	2.84	24.75	27.50	22.87	399.82	386.20	16.846	21.949	47.40	61.75	499.7	1799	1216	88.15	5.39	-0.111	0.7	-0.22	2.74	1.00	0.00	0.16	111115
2	"11:33:34"	510.5	0	6.84	0.227	230	4.27	1.73	27.42	6	1.42	1	2.84	24.67	27.42	22.80	299.31	289.61	16.947	21.965	47.92	62.11	499.6	1800	1222	88.15	5.05	-0.106	1.0	-0.22	2.74	1.00	0.00	0.16	111115
3	"11:34:43"	579.5	0	3.85	0.226	160	4.21	1.71	27.38	6	1.42	1	2.84	24.64	27.38	22.78	200.09	194.48	17.142	22.086	48.56	62.57	499.6	1799	1229	88.15	4.47	-0.11	1.0	-0.22	2.74	1.00	0.00	0.16	111115
4	"11:36:06"	662.5	0	0.925	0.227	89	4.26	1.73	27.41	6	1.42	1	2.84	24.67	27.41	22.82	100.62	99.01	16.981	21.988	48.02	62.17	499.6	1800	743	88.15	3.6	-0.113	0.7	-0.22	2.74	1.00	0.00	0.16	111115
5	"11:37:22"	738.5	0	-0.439	0.226	52.8	4.24	1.73	27.38	6	1.42	1	2.84	24.65	27.38	22.79	50.89	51.16	16.945	21.929	47.96	62.07	499.6	1800	1235	88.15	3.05	-0.109	1.0	-0.22	2.74	1.00	0.00	0.16	111115
6	"11:39:15"	851.0	0	9.25	0.225	306	4.19	1.72	27.35	6	1.42	1	2.84	24.61	27.35	22.74	400.60	387.53	17.041	21.967	48.36	62.34	499.6	1799	1243	88.15	5.37	-0.103	1.0	-0.22	2.74	1.00	0.00	0.16	111115
7	"11:40:14"	910.0	0	9.23	0.225	306	4.16	1.7	27.32	6	1.42	1	2.84	24.60	27.32	22.73	399.82	386.80	17.167	22.059	48.75	62.64	499.6	1799	1251	88.15	5.45	-0.101	0.7	-0.22	2.74	1.00	0.00	0.16	111115
8	"11:42:01"	1017.5	0	13.6	0.226	461	4.17	1.7	27.49	6	1.42	1	2.84	24.78	27.49	22.96	600.24	580.94	17.611	22.507	49.47	63.22	499.6	1799	1265	88.15	5.78	-0.112	0.7	-0.22	2.74	1.00	0.00	0.16	111115
9	"11:44:10"	1146.5	0	17.3	0.226	719	4.22	1.72	27.83	6	1.42	1	2.84	25.09	27.83	23.25	900.37	875.18	18.166	23.122	50.08	63.74	499.7	1801	1279	88.15	5.39	-0.11	0.7	-0.22	2.74	1.00	0.00	0.16	111115
10	"11:46:08"	1264.5	0	18.9	0.218	987	4.29	1.81	28.41	6	1.42	1	2.84	25.27	28.41	23.43	1200.42	1171.66	18.580	23.607	50.69	64.41	499.6	1799	1284	88.15	3.84	-0.114	0.7	-0.22	2.74	1.00	0.00	0.16	111115
11	"11:48:04"	1380.5	0	9.31	0.225	304	4.23	1.73	28.08	6	1.42	1	2.84	25.34	28.08	23.49	399.52	386.37	18.678	23.634	50.75	64.21	499.5	1801	1295	88.15	5.47	-0.117	1.0	-0.22	2.74	1.00	0.00	0.16	111115
12	"11:49:25"	1461.5	0	6.45	0.225	232	4.23	1.73	28.16	6	1.42	1	2.84	25.40	28.16	23.56	298.74	289.53	18.846	23.804	51.01	64.42	499.6	1801	1296	88.15	4.95	-0.117	0.7	-0.22	2.74	1.00	0.00	0.16	111115
13	"11:50:37"	1533.5	0	3.88	0.225	159	4.2	1.72	28.14	6	1.42	1	2.84	25.41	28.14	23.56	200.18	194.54	18.955	23.883	51.29	64.63	499.6	1799	1306	88.15	4.35	-0.121	1.0	-0.22	2.74	1.00	0.00	0.16	111115
14	"11:52:03"	1619.5	0	0.807	0.225	88.8	4.2	1.71	28.16	6	1.42	1	2.84	25.45	28.16	23.60	99.36	97.90	19.097	24.017	51.54	64.81	499.6	1801	1306	88.15	3.44	-0.129	0.7	-0.22	2.74	1.00	0.00	0.16	111115
15	"11:53:03"	1679.5	0	0.705	0.226	90.1	4.21	1.71	28.19	6	1.42	1	2.84	25.46	28.19	23.61	99.76	98.41	19.164	24.093	51.69	64.99	499.7	1800	1317	88.15	3.52	-0.128	1.0	-0.22	2.74	1.00	0.00	0.16	111115
16	"11:54:20"	1756.0	0	-0.521	0.226	53.9	4.2	1.71	28.17	6	1.42	1	2.84	25.42	28.17	23.55	51.27	51.64	19.176	24.103	51.84	65.16	499.5	1799	1319	88.15	2.97	-0.126	0.7	-0.22	2.74	1.00	0.00	0.16	111115
17	"11:56:11"	1867.5	0	9.08	0.227	308	4.18	1.7	28.15	6	1.42	1	2.84	25.42	28.15	23.54	400.76	387.91	19.270	24.172	52.09	65.34	499.7	1801	1327	88.15	5.31	-0.124	1.0	-0.22	2.74	1.00	0.00	0.16	111115
18	"11:57:11"	1927.5	0	9.31	0.227	306	4.17	1.69	28.14	6	1.42	1	2.84	25.39	28.14	23.51	400.18	387.06	19.301	24.192	52.28	65.52	499.6	1800	1334	88.15	5.27	-0.123	0.7	-0.22	2.74	1.00	0.00	0.16	111115
19	"11:58:59"	2035.5	0	13.9	0.228	461	4.16	1.68	28.05	6	1.42	1	2.84	25.27	28.05	23.41	600.79	581.22	19.213	24.090	52.42	65.73	499.7	1800	1341	88.15	5.51	-0.113	0.7	-0.22	2.74	1.00	0.00	0.16	111115
20	"12:01:04"	2160.5	0	17.5	0.227	719	4.14	1.68	28.02	6	1.42	1	2.84	25.22	28.02	23.36	900.77	875.45	19.230	24.081	52.61	65.88	499.7	1800	1350	88.15	4.96	-0.1	1.0	-0.22	2.74	1.00	0.00	0.16	111115
21	"12:03:10"	2286.0	0	18.8	0.228	998	4.09	1.65	27.93	6	1.42	1	2.84	25.16	27.93	23.30	1199.84	1171.57	19.336	24.132	53.09	66.26	499.7	1801	1359	88.15	3.51	-0.103	0.7	-0.22	2.74	1.00	0.00	0.16	111115
22	"12:05:15"	2411.5	0	19.3	0.228	1.28E+03	4.08	1.65	27.93	6	1.42	1	2.84	25.16	27.93	23.29	1500.30	1469.90	19.426	24.202	53.35	66.47	499.6	1800	1366	88.15	1.08	-0.0988	1.0	-0.22	2.74	1.00	0.00	0.16	111115
23	"12:07:04"	2520.5	0	20.4	0.229	1.56E+03	4.1	1.65	27.98	6	1.42	1	2.84	25.23	27.98	23.37	1800.80	1767.64	19.503	24.306	53.33	66.47	499.5	1801	1377	88.15	-2.12	-0.0942	0.3	-0.22	2.74	1.00	0.00	0.16	111115
